70
47
60
63
33
45
13
19
65
28
76
43
72
4
51
39
56
29
61
44
68
64
30
27
53
59
45
71
32
55
48
7
51
15
18
53
30
30
3
35
70
77
3
4
49
36
22
3
26
50
23
65
18
57
8
34
4
56
41
74
49
46
10
77
64
37
35
63
50
28
72
32
8
9
23
63
72
73
1
53
20
14
48
21
5
75
76
43
7
68
38
73
50
37
69
70
45
76
29
54
32
38
39
39
69
28
47
41
41
62
11
5
23
16
61
57
13
38
17
64
1
62
54
11
16
62
59
42
20
35
33
16
33
48
1
59
18
49
29
73
15
54
56
75
15
47
58
7
52
19
37
65
2
58
57
77
44
46
34
58
14
20
66
17
24
74
60
44
42
69
14
51
55
8
22
60
25
36
24
25
25
55
34
22
10
17
13
26
5
61
71
75
43
11
67
68
36
66
42
26
52
12
52
2
19
74
31
46
12
10
31
2
24
31
67
71
66
67
12
40
21
27
6
21
27
6
6
9
40
9
40